Threshold: 0.6754715442663324
Equal_Error_Rate: 0.058380681816892724